5.580693231152989006e-38 0.000000000000000000e+00 0.000000000000000000e+00 0.000000000000000000e+00 0.000000000000000000e+00 0.000000000000000000e+00 0.000000000000000000e+00 0.000000000000000000e+00
2.871478336969464875e-24 5.024464750259591895e-20 0.000000000000000000e+00 0.000000000000000000e+00 0.000000000000000000e+00 0.000000000000000000e+00 0.000000000000000000e+00 0.000000000000000000e+00
-1.041090951783236833e-23 3.939797251550102811e-20 2.510766530692177256e-01 0.000000000000000000e+00 0.000000000000000000e+00 0.000000000000000000e+00 0.000000000000000000e+00 0.000000000000000000e+00
4.295664149923467554e-23 4.707979702226126529e-20 -3.153761251404203769e-02 1.256027696515888137e-01 0.000000000000000000e+00 0.000000000000000000e+00 0.000000000000000000e+00 0.000000000000000000e+00
-1.676823798761366809e-23 -1.455373849592011974e-19 2.047777360801590618e-02 -8.155576520625736070e-02 6.493097686555995285e-01 0.000000000000000000e+00 0.000000000000000000e+00 0.000000000000000000e+00
5.844005301186788908e-23 2.234822344032941970e-20 3.422578648707395432e-03 -1.363284249033249081e-02 1.085384498693945932e-01 5.083355747773430355e-01 0.000000000000000000e+00 0.000000000000000000e+00
-2.646531876466847771e-22 -5.834465291811177346e-20 8.630316433800792886e-03 -3.436961695857333743e-02 2.736438857188727147e-01 8.853322470206191619e-02 7.869188484919218407e-01 0.000000000000000000e+00
-3.409235005327923318e-24 5.112893897384568118e-20 0.000000000000000000e+00 0.000000000000000000e+00 0.000000000000000000e+00 0.000000000000000000e+00 0.000000000000000000e+00 0.000000000000000000e+00
1.561904645568523629e-23 4.571313200218319890e-20 1.255374817877602522e-01 0.000000000000000000e+00 0.000000000000000000e+00 0.000000000000000000e+00 0.000000000000000000e+00 0.000000000000000000e+00
2.704028523285529661e-23 -3.394410791203144567e-20 -1.576875939573435179e-02 6.280105487515356966e-02 0.000000000000000000e+00 0.000000000000000000e+00 0.000000000000000000e+00 0.000000000000000000e+00
1.657396156440866907e-23 -9.858549587684938237e-20 1.715496653695718424e-02 -6.832315223955937045e-02 5.439577364915409996e-01 0.000000000000000000e+00 0.000000000000000000e+00 0.000000000000000000e+00
-8.011277770645548408e-23 -9.205095611139073507e-21 7.373093365811022801e-03 -2.936520008153500894e-02 2.337966437882947612e-01 4.984438223153352943e-01 0.000000000000000000e+00 0.000000000000000000e+00
-1.874236009472379680e-23 -4.472360037812603561e-20 -7.884503636682197586e-03 3.140051593247855655e-02 0.000000000000000000e+00 0.000000000000000000e+00 0.000000000000000000e+00 0.000000000000000000e+00
