5.060741646607635595e-24 0.000000000000000000e+00 0.000000000000000000e+00 0.000000000000000000e+00 0.000000000000000000e+00 0.000000000000000000e+00 0.000000000000000000e+00 0.000000000000000000e+00 0.000000000000000000e+00 0.000000000000000000e+00 0.000000000000000000e+00 0.000000000000000000e+00 0.000000000000000000e+00 0.000000000000000000e+00 0.000000000000000000e+00 0.000000000000000000e+00
1.708290357516224637e-23 1.566829331858621099e-19 0.000000000000000000e+00 0.000000000000000000e+00 0.000000000000000000e+00 0.000000000000000000e+00 0.000000000000000000e+00 0.000000000000000000e+00 0.000000000000000000e+00 0.000000000000000000e+00 0.000000000000000000e+00 0.000000000000000000e+00 0.000000000000000000e+00 0.000000000000000000e+00 0.000000000000000000e+00 0.000000000000000000e+00
-6.689141183159107918e-23 -1.364814285647829982e-19 2.146786094254398980e-01 0.000000000000000000e+00 0.000000000000000000e+00 0.000000000000000000e+00 0.000000000000000000e+00 0.000000000000000000e+00 0.000000000000000000e+00 0.000000000000000000e+00 0.000000000000000000e+00 0.000000000000000000e+00 0.000000000000000000e+00 0.000000000000000000e+00 0.000000000000000000e+00 0.000000000000000000e+00
-4.451763382255795386e-23 1.481706759042242927e-19 -4.108155238145285576e-02 1.913742150688387267e-01 0.000000000000000000e+00 0.000000000000000000e+00 0.000000000000000000e+00 0.000000000000000000e+00 0.000000000000000000e+00 0.000000000000000000e+00 0.000000000000000000e+00 0.000000000000000000e+00 0.000000000000000000e+00 0.000000000000000000e+00 0.000000000000000000e+00 0.000000000000000000e+00
-4.822786906560784747e-22 -5.597588670444969226e-20 1.053083025412129316e-02 -4.905278613782291380e-02 2.563199214353821254e-01 0.000000000000000000e+00 0.000000000000000000e+00 0.000000000000000000e+00 0.000000000000000000e+00 0.000000000000000000e+00 0.000000000000000000e+00 0.000000000000000000e+00 0.000000000000000000e+00 0.000000000000000000e+00 0.000000000000000000e+00 0.000000000000000000e+00
5.216408394695057187e-22 1.083095627313426430e-19 -6.133322633610018048e-04 2.852725944219099575e-03 -1.489932869833750922e-02 3.202606438141433753e-01 0.000000000000000000e+00 0.000000000000000000e+00 0.000000000000000000e+00 0.000000000000000000e+00 0.000000000000000000e+00 0.000000000000000000e+00 0.000000000000000000e+00 0.000000000000000000e+00 0.000000000000000000e+00 0.000000000000000000e+00
-9.357369119602988951e-23 3.490791252508987592e-19 1.502108627730856924e-03 -6.997419590746963881e-03 3.655773518725348448e-02 1.483503962345015213e-02 4.047205375370176439e-01 0.000000000000000000e+00 0.000000000000000000e+00 0.000000000000000000e+00 0.000000000000000000e+00 0.000000000000000000e+00 0.000000000000000000e+00 0.000000000000000000e+00 0.000000000000000000e+00 0.000000000000000000e+00
1.353195303958944719e-22 4.580076208064841341e-20 -7.426316939679399693e-04 3.459889900466639467e-03 -1.807974469155576233e-02 1.280605886315743652e-02 3.457205669155569150e-03 2.156147447329084532e-01 0.000000000000000000e+00 0.000000000000000000e+00 0.000000000000000000e+00 0.000000000000000000e+00 0.000000000000000000e+00 0.000000000000000000e+00 0.000000000000000000e+00 0.000000000000000000e+00
-3.982787355989733338e-23 2.735631211781268660e-19 3.772285245203400991e-04 -1.757639895436088418e-03 9.185338598039971200e-03 -2.503378011502041534e-02 1.281019055711977821e-02 -5.373767387952609748e-02 6.367977916432197016e-01 0.000000000000000000e+00 0.000000000000000000e+00 0.000000000000000000e+00 0.000000000000000000e+00 0.000000000000000000e+00 0.000000000000000000e+00 0.000000000000000000e+00
7.533282095908383221e-23 -3.582600118399833116e-19 4.860689986194415018e-05 -2.257426216618339842e-04 1.178866841615421870e-03 8.508984793727301585e-03 -2.722398361223582475e-02 -2.266049745757900413e-02 7.726835271601778521e-02 6.017217155557356145e-01 0.000000000000000000e+00 0.000000000000000000e+00 0.000000000000000000e+00 0.000000000000000000e+00 0.000000000000000000e+00 0.000000000000000000e+00
-9.428696631229057024e-23 3.431567804445427228e-19 1.156427704192040473e-04 -5.393964630788706431e-04 2.819240741956734967e-03 3.222768173835575695e-04 9.042878446639611434e-03 -5.195014736861648663e-02 9.510956710607744446e-02 6.866679254471541594e-02 5.804263471732719060e-01 0.000000000000000000e+00 0.000000000000000000e+00 0.000000000000000000e+00 0.000000000000000000e+00 0.000000000000000000e+00
-2.449652513626614369e-23 -7.142581794436178194e-19 2.407179153015654360e-05 -1.123127394339425747e-04 5.871717075887400352e-04 1.190683244403185513e-03 -2.198987280611884327e-04 -1.299310686578144039e-02 1.678924047140837109e-02 8.099374788827473637e-02 5.881893460853524630e-02 5.174885958899184679e-01 0.000000000000000000e+00 0.000000000000000000e+00 0.000000000000000000e+00 0.000000000000000000e+00
-2.408354180532814626e-23 5.680346749705548831e-19 7.787399156996671059e-05 -3.627476241179111759e-04 1.895258107105078854e-03 -9.743369193622393497e-04 1.034328072701485397e-03 -2.538264045073553021e-02 9.565043540975247394e-02 1.149258324335759862e-02 8.576567989471520215e-02 4.745060668825142741e-02 6.842466319743947256e-01 0.000000000000000000e+00 0.000000000000000000e+00 0.000000000000000000e+00
2.513471361898800013e-24 4.641428286410631357e-20 6.664226156064401022e-05 -3.105378185440150650e-04 1.622683686983117943e-03 6.419279987792415312e-04 -1.431064372573331899e-03 -2.503305364507509359e-02 7.617648159492744486e-02 9.525991158741924092e-02 1.462869847066652733e-02 8.730799871533061196e-02 1.221720564168256029e-01 5.189909769605618450e-01 0.000000000000000000e+00 0.000000000000000000e+00
8.589558499450378201e-23 6.845812422908633343e-20 1.013937597384845495e-04 -4.724404898883819456e-04 2.468796344759394742e-03 3.869971307681686272e-04 4.239257717737845467e-04 -3.843811343631885202e-02 1.116168256759866168e-01 1.025254867902879730e-01 1.310630988452676227e-01 1.715290793817998011e-02 2.079775512044872710e-01 7.443509266517828182e-02 5.856615549193517900e-01 0.000000000000000000e+00
-2.307058713598205948e-23 2.691898941905955413e-20 0.000000000000000000e+00 0.000000000000000000e+00 0.000000000000000000e+00 0.000000000000000000e+00 0.000000000000000000e+00 0.000000000000000000e+00 0.000000000000000000e+00 0.000000000000000000e+00 0.000000000000000000e+00 0.000000000000000000e+00 0.000000000000000000e+00 0.000000000000000000e+00 0.000000000000000000e+00 0.000000000000000000e+00
-6.210516854413309653e-23 -7.214889461808922208e-21 1.073405037074252055e-01 0.000000000000000000e+00 0.000000000000000000e+00 0.000000000000000000e+00 0.000000000000000000e+00 0.000000000000000000e+00 0.000000000000000000e+00 0.000000000000000000e+00 0.000000000000000000e+00 0.000000000000000000e+00 0.000000000000000000e+00 0.000000000000000000e+00 0.000000000000000000e+00 0.000000000000000000e+00
-2.691035404412617695e-22 6.508694260328641486e-20 -2.054037120309454637e-02 9.568722635110923913e-02 0.000000000000000000e+00 0.000000000000000000e+00 0.000000000000000000e+00 0.000000000000000000e+00 0.000000000000000000e+00 0.000000000000000000e+00 0.000000000000000000e+00 0.000000000000000000e+00 0.000000000000000000e+00 0.000000000000000000e+00 0.000000000000000000e+00 0.000000000000000000e+00
-5.754636757696523324e-23 1.720340125642916909e-20 6.645054233921318144e-03 -3.095486853149023374e-02 1.617548878991653671e-01 0.000000000000000000e+00 0.000000000000000000e+00 0.000000000000000000e+00 0.000000000000000000e+00 0.000000000000000000e+00 0.000000000000000000e+00 0.000000000000000000e+00 0.000000000000000000e+00 0.000000000000000000e+00 0.000000000000000000e+00 0.000000000000000000e+00
3.195929546124176515e-22 2.506118962156348330e-19 3.202741005267973934e-04 -1.495068434468858681e-03 7.814171084592059016e-03 2.323558716770025012e-01 0.000000000000000000e+00 0.000000000000000000e+00 0.000000000000000000e+00 0.000000000000000000e+00 0.000000000000000000e+00 0.000000000000000000e+00 0.000000000000000000e+00 0.000000000000000000e+00 0.000000000000000000e+00 0.000000000000000000e+00
1.078498582945827913e-23 2.350732469070533511e-19 5.416768510461024552e-04 -2.523138264564141718e-03 1.318018861805532460e-02 1.541987588406018919e-02 2.477207292976913999e-01 0.000000000000000000e+00 0.000000000000000000e+00 0.000000000000000000e+00 0.000000000000000000e+00 0.000000000000000000e+00 0.000000000000000000e+00 0.000000000000000000e+00 0.000000000000000000e+00 0.000000000000000000e+00
9.083141747915011838e-23 1.742648537036543157e-19 -4.191546960853236373e-04 1.952750126488193242e-03 -1.020377379328586340e-02 -2.036425624075619001e-03 9.234468580825008766e-03 1.495900320725074839e-01 0.000000000000000000e+00 0.000000000000000000e+00 0.000000000000000000e+00 0.000000000000000000e+00 0.000000000000000000e+00 0.000000000000000000e+00 0.000000000000000000e+00 0.000000000000000000e+00
5.769825496894072884e-24 3.995598996311382176e-20 3.264110096566110982e-04 -1.520496305154464718e-03 7.945611569414159914e-03 -1.579408221947412733e-02 -3.352811608245021870e-03 -5.436664832693409444e-02 5.486206020044497311e-01 0.000000000000000000e+00 0.000000000000000000e+00 0.000000000000000000e+00 0.000000000000000000e+00 0.000000000000000000e+00 0.000000000000000000e+00 0.000000000000000000e+00
1.238550436916620486e-23 -1.115233907029876063e-19 9.623119780771667933e-05 -4.480830250165999018e-04 2.341176479127343203e-03 6.885050286543457562e-03 -1.699131126457563423e-02 -4.388169729531361807e-02 1.086132537705746109e-01 5.098218227376505318e-01 0.000000000000000000e+00 0.000000000000000000e+00 0.000000000000000000e+00 0.000000000000000000e+00 0.000000000000000000e+00 0.000000000000000000e+00
-8.378796062811198475e-23 -9.676083925836184438e-20 9.977918841920735502e-05 -4.654203604097430919e-04 2.432668691288159771e-03 8.398673197512169326e-04 6.751283094366579071e-03 -4.591343152622881507e-02 8.055846195745391958e-02 9.259741124560968983e-02 4.698046485990089449e-01 0.000000000000000000e+00 0.000000000000000000e+00 0.000000000000000000e+00 0.000000000000000000e+00 0.000000000000000000e+00
-3.267086588058029130e-23 -3.174761290587607125e-19 5.920841269011128461e-05 -2.759549886186731123e-04 1.442100039001032417e-03 5.155336623860889977e-04 3.319821902944849025e-04 -2.363311846415565298e-02 6.196382856356509594e-02 7.395301516758381877e-02 9.241563620273157698e-02 4.595145157005024461e-01 0.000000000000000000e+00 0.000000000000000000e+00 0.000000000000000000e+00 0.000000000000000000e+00
-1.703460566682355921e-23 4.546269143725525151e-19 9.246607604766319437e-05 -4.307740932465019702e-04 2.250781825343543818e-03 -4.190404951257793785e-04 7.003531853861559922e-05 -3.179452773058824566e-02 1.107343149623452316e-01 5.635852091802375646e-02 7.245299618181333390e-02 7.969252106304453021e-02 5.807682582007929195e-01 0.000000000000000000e+00 0.000000000000000000e+00 0.000000000000000000e+00
4.494054995122874801e-23 7.102773408292601910e-20 1.035329159140387697e-04 -4.824241850510742509e-04 2.520911741501658063e-03 7.024388397293635173e-04 -9.226289932152588339e-04 -3.906603210177408969e-02 1.162034719650423265e-01 1.267877331597375978e-01 7.712963180435546129e-02 7.779692246901404040e-02 2.008505420750429371e-01 4.486895660907879169e-01 0.000000000000000000e+00 0.000000000000000000e+00
-3.228504802258523582e-23 1.563375049201075808e-19 -1.027046358939430123e-02 4.784382199493944499e-02 0.000000000000000000e+00 0.000000000000000000e+00 0.000000000000000000e+00 0.000000000000000000e+00 0.000000000000000000e+00 0.000000000000000000e+00 0.000000000000000000e+00 0.000000000000000000e+00 0.000000000000000000e+00 0.000000000000000000e+00 0.000000000000000000e+00 0.000000000000000000e+00
1.838075669295551499e-23 1.369015863133988928e-19 4.016322795940179338e-03 -1.870966396489580699e-02 9.776590880828082974e-02 0.000000000000000000e+00 0.000000000000000000e+00 0.000000000000000000e+00 0.000000000000000000e+00 0.000000000000000000e+00 0.000000000000000000e+00 0.000000000000000000e+00 0.000000000000000000e+00 0.000000000000000000e+00 0.000000000000000000e+00 0.000000000000000000e+00
2.164125093943944780e-22 2.423264916979456622e-19 4.151181290636513598e-05 -1.950044677472295446e-04 1.019722586368762389e-03 1.274426637594901213e-01 0.000000000000000000e+00 0.000000000000000000e+00 0.000000000000000000e+00 0.000000000000000000e+00 0.000000000000000000e+00 0.000000000000000000e+00 0.000000000000000000e+00 0.000000000000000000e+00 0.000000000000000000e+00 0.000000000000000000e+00
4.240614246036907573e-23 1.612355137268097081e-19 2.783428348969054075e-04 -1.296385519285210911e-03 6.771898998452021735e-03 3.799888547089361624e-03 1.360679924399610108e-01 0.000000000000000000e+00 0.000000000000000000e+00 0.000000000000000000e+00 0.000000000000000000e+00 0.000000000000000000e+00 0.000000000000000000e+00 0.000000000000000000e+00 0.000000000000000000e+00 0.000000000000000000e+00
7.077062217350618738e-23 1.110269277486511937e-19 -2.261808607028327966e-04 1.053819441698255338e-03 -5.506530963680341187e-03 -1.182852167599738203e-03 1.359819924410757969e-04 8.586518861194052110e-02 0.000000000000000000e+00 0.000000000000000000e+00 0.000000000000000000e+00 0.000000000000000000e+00 0.000000000000000000e+00 0.000000000000000000e+00 0.000000000000000000e+00 0.000000000000000000e+00
-2.878669564796834856e-23 -6.122590941426501920e-20 2.952978439358728202e-04 -1.375797320511506008e-03 7.189637283262896236e-03 -1.017577917807569766e-02 -2.291979031380329303e-03 -6.554662428637561544e-02 4.522316732505867742e-01 0.000000000000000000e+00 0.000000000000000000e+00 0.000000000000000000e+00 0.000000000000000000e+00 0.000000000000000000e+00 0.000000000000000000e+00 0.000000000000000000e+00
-1.827865879554608497e-23 -1.999879522913774035e-19 1.130176682672161194e-04 -5.264847293182812462e-04 2.751062486722747908e-03 5.302253130738963753e-03 -1.114047176423981628e-02 -4.976236314773704872e-02 1.210153450207668568e-01 4.157122631464625906e-01 0.000000000000000000e+00 0.000000000000000000e+00 0.000000000000000000e+00 0.000000000000000000e+00 0.000000000000000000e+00 0.000000000000000000e+00
-7.545021552594646778e-23 3.676364512143667227e-20 1.250983244801199927e-04 -5.832593587011044439e-04 3.048215450462505357e-03 6.174391458079672712e-04 5.066006638039830673e-03 -5.250356409034573346e-02 1.186036378709999645e-01 1.110519714792179702e-01 3.985576699698842318e-01 0.000000000000000000e+00 0.000000000000000000e+00 0.000000000000000000e+00 0.000000000000000000e+00 0.000000000000000000e+00
-5.488637159669006850e-24 -1.771618990351909925e-19 1.049538966413531753e-04 -4.890899710758532526e-04 2.555799099541001401e-03 6.927519397365389329e-04 -1.191167134747935169e-04 -4.034340948974527580e-02 1.148056591296140183e-01 1.235156147363056511e-01 1.189497520378386269e-01 4.107081534745173901e-01 0.000000000000000000e+00 0.000000000000000000e+00 0.000000000000000000e+00 0.000000000000000000e+00
4.751496988838493218e-23 3.305809322811410837e-20 -1.131113271200999507e-04 5.269229180869323048e-04 -2.753184264040331366e-03 -5.916113496290423225e-04 6.773779862413297631e-05 4.293188266147103527e-02 0.000000000000000000e+00 0.000000000000000000e+00 0.000000000000000000e+00 0.000000000000000000e+00 0.000000000000000000e+00 0.000000000000000000e+00 0.000000000000000000e+00 0.000000000000000000e+00
